pod  	x    	y
1.5996	1.9902	1.6184	
1.6023	1.9925	1.6215	
1.6023	1.9925	1.6215	
1.5990	1.9893	1.6177	
1.5990	1.9893	1.6177	
1.6066	1.9965	1.6267	
1.6091	1.9995	1.6279	
1.6036	1.9941	1.6216	
1.6036	1.9941	1.6216	
1.6136	2.0042	1.6337	
1.6146	2.0057	1.6329	
1.6085	1.9998	1.6267	
1.6085	1.9998	1.6267	
1.6128	2.0036	1.6319	
1.6092	1.9999	1.6272	
1.6054	1.9958	1.6237	
1.6054	1.9958	1.6237	
1.6060	1.9963	1.6245	
1.6030	1.9932	1.6212	
1.6026	1.9925	1.6218	
1.6026	1.9925	1.6218	
1.6023	1.9922	1.6215	
1.6024	1.9920	1.6215	
1.6024	1.9919	1.6210	
1.6055	1.9953	1.6245	
1.6056	1.9956	1.6242	
1.6056	1.9957	1.6240	
1.6057	1.9960	1.6239	
1.6094	1.9994	1.6280	
1.6083	1.9983	1.6263	
1.6083	1.9983	1.6263	
1.6103	2.0000	1.6310	
1.6132	2.0027	1.6344	
1.6102	1.9996	1.6304	
1.6102	1.9996	1.6304	
1.6182	2.0073	1.6407	
1.6184	2.0082	1.6393	
1.6120	2.0022	1.6320	
1.6120	2.0022	1.6320	
1.6172	2.0070	1.6381	
1.6153	2.0056	1.6348	
1.6092	1.9999	1.6279	
1.6092	1.9999	1.6279	
1.6098	2.0002	1.6289	
1.6095	1.9996	1.6284	
1.6079	1.9980	1.6268	
1.6079	1.9980	1.6268	
1.6076	1.9980	1.6266	
1.6077	1.9979	1.6269	
1.6081	1.9979	1.6279	
avarage:		
1.6077	1.9979	1.6269	
std:		
0.0047	0.0047	0.0053	
