pod  	x    	y
1.4843	1.6775	1.2910	
1.4845	1.6778	1.2910	
1.4833	1.6765	1.2897	
1.4837	1.6768	1.2907	
1.4831	1.6762	1.2901	
1.4829	1.6761	1.2898	
1.4834	1.6763	1.2905	
1.4871	1.6800	1.2937	
1.4832	1.6767	1.2883	
1.4822	1.6756	1.2877	
1.4824	1.6756	1.2881	
1.4879	1.6812	1.2926	
1.4845	1.6781	1.2881	
1.4829	1.6767	1.2864	
1.4841	1.6781	1.2885	
1.4857	1.6796	1.2899	
1.4781	1.6728	1.2810	
1.4767	1.6709	1.2794	
1.4791	1.6732	1.2829	
1.4800	1.6744	1.2838	
1.4713	1.6661	1.2744	
1.4716	1.6660	1.2754	
1.4742	1.6686	1.2786	
1.4725	1.6672	1.2761	
1.4710	1.6645	1.2758	
1.4748	1.6682	1.2809	
1.4778	1.6714	1.2834	
1.4741	1.6681	1.2783	
1.4760	1.6689	1.2818	
1.4812	1.6739	1.2886	
1.4802	1.6735	1.2851	
1.4764	1.6696	1.2802	
1.4811	1.6742	1.2871	
1.4811	1.6742	1.2871	
1.4846	1.6778	1.2911	
1.4831	1.6762	1.2887	
1.4844	1.6778	1.2906	
1.4844	1.6778	1.2906	
1.4854	1.6785	1.2920	
1.4847	1.6782	1.2912	
1.4863	1.6798	1.2930	
1.4920	1.6849	1.2950	
1.4814	1.6754	1.2851	
1.4797	1.6733	1.2841	
1.4809	1.6742	1.2863	
1.4872	1.6801	1.2892	
1.4772	1.6711	1.2803	
1.4764	1.6698	1.2798	
1.4753	1.6686	1.2790	
1.4753	1.6688	1.2793	
1.4745	1.6679	1.2779	
1.4769	1.6699	1.2764	
1.4810	1.6738	1.2864	
1.4813	1.6741	1.2864	
1.4803	1.6730	1.2854	
1.4836	1.6758	1.2850	
1.4914	1.6831	1.2986	
1.4908	1.6829	1.2972	
1.4881	1.6802	1.2937	
1.4893	1.6812	1.2961	
1.4930	1.6853	1.2990	
1.4902	1.6831	1.2951	
1.4875	1.6802	1.2923	
1.4903	1.6828	1.2966	
1.4895	1.6831	1.2941	
1.4859	1.6796	1.2897	
1.4847	1.6781	1.2895	
1.4878	1.6808	1.2935	
1.4843	1.6781	1.2881	
1.4843	1.6781	1.2881	
1.4800	1.6736	1.2845	
1.4817	1.6751	1.2866	
1.4805	1.6741	1.2844	
1.4808	1.6738	1.2808	
1.4795	1.6723	1.2850	
1.4803	1.6732	1.2861	
1.4791	1.6721	1.2844	
1.4796	1.6724	1.2807	
1.4846	1.6772	1.2921	
1.4865	1.6795	1.2942	
1.4837	1.6770	1.2899	
1.4820	1.6753	1.2878	
1.4890	1.6822	1.2959	
1.4903	1.6840	1.2971	
1.4874	1.6811	1.2926	
1.4868	1.6802	1.2924	
1.4895	1.6829	1.2949	
1.4895	1.6826	1.2952	
1.4891	1.6822	1.2947	
1.4893	1.6823	1.2951	
1.4901	1.6828	1.2960	
1.4901	1.6828	1.2960	
1.4851	1.6784	1.2912	
1.4868	1.6801	1.2934	
1.4878	1.6813	1.2932	
1.4848	1.6787	1.2891	
1.4824	1.6761	1.2875	
1.4846	1.6780	1.2908	
1.4829	1.6770	1.2871	
1.4835	1.6772	1.2889	
1.4831	1.6766	1.2876	
1.4836	1.6769	1.2885	
1.4836	1.6768	1.2884	
1.4857	1.6784	1.2870	
1.4801	1.6730	1.2852	
1.4804	1.6732	1.2855	
1.4804	1.6733	1.2857	
1.4831	1.6758	1.2844	
1.4792	1.6720	1.2852	
1.4824	1.6751	1.2891	
1.4819	1.6746	1.2870	
1.4786	1.6719	1.2827	
1.4830	1.6759	1.2894	
1.4866	1.6793	1.2941	
1.4849	1.6779	1.2907	
1.4824	1.6753	1.2881	
1.4862	1.6787	1.2926	
1.4871	1.6798	1.2935	
1.4864	1.6795	1.2927	
1.4861	1.6786	1.2929	
1.4865	1.6792	1.2928	
1.4862	1.6790	1.2924	
1.4866	1.6794	1.2929	
1.4865	1.6795	1.2926	
1.4865	1.6796	1.2929	
1.4870	1.6800	1.2937	
1.4857	1.6790	1.2919	
1.4853	1.6786	1.2913	
1.4878	1.6809	1.2950	
1.4894	1.6832	1.2945	
1.4840	1.6779	1.2883	
1.4831	1.6768	1.2880	
1.4860	1.6795	1.2918	
1.4825	1.6767	1.2853	
1.4793	1.6731	1.2831	
1.4793	1.6731	1.2837	
1.4805	1.6743	1.2851	
1.4791	1.6730	1.2831	
1.4747	1.6683	1.2794	
1.4761	1.6695	1.2815	
1.4775	1.6712	1.2821	
1.4766	1.6705	1.2805	
1.4737	1.6671	1.2782	
1.4755	1.6686	1.2805	
1.4766	1.6697	1.2812	
1.4759	1.6690	1.2802	
1.4763	1.6692	1.2814	
1.4772	1.6702	1.2826	
1.4773	1.6700	1.2831	
1.4765	1.6695	1.2821	
1.4767	1.6698	1.2822	
1.4862	1.6797	1.2926	
1.4827	1.6767	1.2871	
1.4803	1.6745	1.2849	
1.4800	1.6740	1.2849	
1.4898	1.6834	1.2949	
1.4856	1.6801	1.2882	
1.4824	1.6768	1.2850	
1.4828	1.6768	1.2867	
1.4844	1.6785	1.2881	
1.4833	1.6773	1.2871	
1.4811	1.6751	1.2840	
1.4820	1.6758	1.2859	
1.4829	1.6767	1.2864	
1.4815	1.6752	1.2850	
1.4801	1.6737	1.2832	
1.4816	1.6750	1.2855	
1.4809	1.6748	1.2839	
1.4788	1.6724	1.2814	
1.4781	1.6714	1.2806	
1.4799	1.6730	1.2839	
1.4779	1.6714	1.2811	
1.4765	1.6700	1.2800	
1.4761	1.6698	1.2799	
1.4775	1.6708	1.2817	
1.4776	1.6707	1.2820	
1.4755	1.6686	1.2789	
1.4770	1.6700	1.2820	
1.4794	1.6725	1.2847	
1.4794	1.6726	1.2846	
1.4779	1.6711	1.2823	
1.4825	1.6748	1.2882	
1.4847	1.6772	1.2904	
1.4841	1.6769	1.2898	
1.4827	1.6754	1.2886	
1.4837	1.6763	1.2899	
1.4889	1.6813	1.2958	
1.4847	1.6780	1.2887	
1.4813	1.6748	1.2866	
1.4827	1.6758	1.2889	
1.4843	1.6783	1.2899	
1.4816	1.6758	1.2864	
1.4798	1.6738	1.2846	
1.4814	1.6754	1.2871	
1.4820	1.6761	1.2875	
1.4775	1.6713	1.2819	
1.4798	1.6732	1.2852	
1.4817	1.6751	1.2880	
1.4822	1.6759	1.2880	
1.4777	1.6711	1.2817	
1.4790	1.6722	1.2850	
1.4809	1.6742	1.2876	
1.4811	1.6748	1.2873	
1.4809	1.6745	1.2875	
1.4814	1.6749	1.2881	
1.4821	1.6753	1.2888	
1.4819	1.6752	1.2887	
1.4810	1.6743	1.2873	
1.4810	1.6743	1.2873	
1.4878	1.6808	1.2941	
1.4839	1.6772	1.2887	
1.4808	1.6741	1.2860	
1.4814	1.6746	1.2870	
1.4837	1.6770	1.2899	
1.4803	1.6739	1.2846	
1.4785	1.6719	1.2842	
1.4785	1.6719	1.2842	
1.4788	1.6725	1.2847	
1.4761	1.6698	1.2823	
1.4754	1.6688	1.2800	
1.4754	1.6688	1.2800	
1.4786	1.6724	1.2819	
1.4754	1.6696	1.2790	
1.4747	1.6688	1.2789	
1.4793	1.6727	1.2843	
1.4771	1.6709	1.2805	
1.4764	1.6701	1.2795	
1.4770	1.6707	1.2815	
1.4837	1.6769	1.2896	
1.4810	1.6747	1.2865	
1.4810	1.6747	1.2865	
1.4857	1.6786	1.2927	
1.4874	1.6809	1.2936	
1.4834	1.6771	1.2887	
1.4834	1.6771	1.2887	
1.4932	1.6861	1.3013	
1.4920	1.6853	1.2990	
1.4880	1.6816	1.2935	
1.4847	1.6778	1.2898	
1.4911	1.6841	1.2976	
1.4890	1.6822	1.2944	
1.4849	1.6783	1.2897	
1.4842	1.6771	1.2897	
1.4878	1.6805	1.2940	
1.4855	1.6787	1.2903	
1.4829	1.6763	1.2866	
1.4864	1.6795	1.2918	
1.4880	1.6814	1.2926	
1.4835	1.6773	1.2870	
1.4821	1.6757	1.2856	
1.4863	1.6797	1.2912	
1.4860	1.6805	1.2897	
1.4838	1.6777	1.2874	
1.4836	1.6773	1.2880	
1.4843	1.6782	1.2889	
1.4841	1.6780	1.2889	
1.4795	1.6733	1.2839	
1.4795	1.6735	1.2839	
1.4792	1.6731	1.2834	
1.4788	1.6723	1.2830	
1.4740	1.6676	1.2763	
1.4783	1.6714	1.2838	
1.4802	1.6732	1.2854	
1.4785	1.6718	1.2826	
1.4771	1.6700	1.2815	
1.4853	1.6778	1.2920	
1.4862	1.6788	1.2920	
1.4832	1.6762	1.2882	
1.4826	1.6756	1.2883	
1.4851	1.6779	1.2918	
1.4861	1.6795	1.2915	
1.4826	1.6763	1.2872	
1.4827	1.6762	1.2881	
1.4856	1.6787	1.2921	
1.4869	1.6801	1.2918	
1.4780	1.6719	1.2809	
1.4806	1.6739	1.2860	
1.4826	1.6755	1.2885	
1.4815	1.6747	1.2862	
1.4763	1.6694	1.2803	
1.4791	1.6717	1.2854	
1.4804	1.6733	1.2868	
1.4793	1.6724	1.2854	
1.4783	1.6715	1.2844	
1.4856	1.6783	1.2929	
1.4868	1.6799	1.2939	
1.4827	1.6761	1.2882	
1.4823	1.6758	1.2881	
1.4918	1.6849	1.2980	
1.4916	1.6850	1.2979	
1.4880	1.6816	1.2931	
1.4895	1.6828	1.2955	
1.4923	1.6859	1.2984	
1.4882	1.6823	1.2924	
1.4867	1.6803	1.2918	
1.4874	1.6809	1.2934	
1.4881	1.6815	1.2942	
1.4880	1.6815	1.2899	
1.4789	1.6723	1.2845	
1.4799	1.6732	1.2862	
1.4797	1.6732	1.2853	
1.4759	1.6694	1.2799	
1.4787	1.6714	1.2847	
1.4839	1.6764	1.2911	
1.4817	1.6747	1.2866	
1.4782	1.6716	1.2821	
1.4858	1.6787	1.2919	
1.4899	1.6825	1.2968	
1.4866	1.6795	1.2918	
1.4847	1.6776	1.2897	
1.4868	1.6799	1.2929	
1.4872	1.6804	1.2931	
1.4845	1.6781	1.2895	
1.4840	1.6773	1.2895	
1.4852	1.6783	1.2907	
1.4893	1.6819	1.2912	
1.4772	1.6706	1.2813	
1.4766	1.6701	1.2812	
1.4785	1.6720	1.2837	
1.4827	1.6757	1.2842	
1.4723	1.6655	1.2762	
1.4720	1.6651	1.2761	
1.4724	1.6657	1.2769	
1.4713	1.6645	1.2754	
1.4704	1.6636	1.2749	
1.4711	1.6639	1.2761	
1.4718	1.6643	1.2768	
1.4706	1.6633	1.2748	
1.4698	1.6620	1.2746	
1.4698	1.6620	1.2746	
1.4762	1.6684	1.2824	
1.4753	1.6677	1.2810	
1.4751	1.6676	1.2808	
1.4819	1.6739	1.2840	
1.4859	1.6786	1.2912	
1.4825	1.6754	1.2872	
1.4822	1.6754	1.2880	
1.4909	1.6833	1.2938	
1.4869	1.6804	1.2903	
1.4818	1.6755	1.2842	
1.4842	1.6774	1.2892	
1.4880	1.6814	1.2938	
1.4783	1.6722	1.2814	
1.4755	1.6690	1.2787	
1.4779	1.6709	1.2827	
1.4796	1.6729	1.2847	
1.4719	1.6654	1.2760	
1.4719	1.6654	1.2760	
1.4765	1.6697	1.2817	
1.4766	1.6699	1.2818	
1.4756	1.6689	1.2804	
1.4799	1.6727	1.2814	
1.4873	1.6806	1.2926	
1.4859	1.6793	1.2905	
1.4838	1.6769	1.2887	
1.4889	1.6816	1.2902	
1.4909	1.6841	1.2957	
1.4880	1.6815	1.2919	
1.4860	1.6794	1.2904	
1.4878	1.6812	1.2926	
1.4867	1.6806	1.2911	
1.4848	1.6788	1.2888	
1.4845	1.6786	1.2885	
1.4866	1.6804	1.2916	
1.4837	1.6780	1.2866	
1.4810	1.6754	1.2832	
1.4808	1.6750	1.2842	
1.4837	1.6779	1.2881	
1.4790	1.6734	1.2813	
1.4756	1.6700	1.2770	
1.4765	1.6705	1.2795	
1.4794	1.6736	1.2828	
1.4742	1.6686	1.2767	
1.4722	1.6665	1.2748	
1.4747	1.6686	1.2782	
1.4758	1.6699	1.2791	
1.4738	1.6679	1.2770	
1.4738	1.6679	1.2770	
1.4761	1.6701	1.2804	
1.4763	1.6703	1.2804	
1.4727	1.6666	1.2770	
1.4727	1.6666	1.2770	
1.4801	1.6736	1.2864	
1.4793	1.6728	1.2851	
1.4751	1.6681	1.2812	
1.4751	1.6681	1.2812	
1.4825	1.6751	1.2902	
1.4810	1.6738	1.2880	
1.4814	1.6738	1.2887	
1.4814	1.6738	1.2887	
1.4839	1.6765	1.2910	
1.4816	1.6745	1.2875	
1.4836	1.6762	1.2907	
1.4836	1.6762	1.2907	
1.4860	1.6789	1.2929	
1.4839	1.6773	1.2902	
1.4840	1.6774	1.2911	
1.4919	1.6847	1.2959	
1.4873	1.6809	1.2929	
1.4848	1.6785	1.2903	
1.4851	1.6789	1.2915	
1.4914	1.6846	1.2941	
1.4845	1.6783	1.2882	
1.4845	1.6783	1.2882	
1.4803	1.6738	1.2852	
1.4810	1.6745	1.2859	
1.4776	1.6713	1.2817	
1.4776	1.6713	1.2817	
1.4775	1.6709	1.2824	
1.4788	1.6723	1.2841	
1.4774	1.6712	1.2815	
1.4779	1.6719	1.2780	
1.4825	1.6761	1.2881	
1.4831	1.6771	1.2888	
1.4827	1.6768	1.2883	
1.4845	1.6785	1.2855	
1.4866	1.6806	1.2929	
1.4866	1.6806	1.2929	
1.4857	1.6799	1.2926	
1.4855	1.6793	1.2924	
1.4873	1.6812	1.2946	
1.4873	1.6812	1.2946	
1.4813	1.6755	1.2873	
1.4809	1.6745	1.2873	
1.4834	1.6764	1.2906	
1.4882	1.6810	1.2917	
1.4759	1.6691	1.2805	
1.4762	1.6696	1.2817	
1.4797	1.6727	1.2855	
1.4825	1.6756	1.2838	
1.4754	1.6685	1.2800	
1.4754	1.6685	1.2800	
1.4809	1.6741	1.2871	
1.4789	1.6725	1.2838	
1.4784	1.6720	1.2844	
1.4784	1.6720	1.2844	
1.4837	1.6769	1.2901	
1.4812	1.6742	1.2869	
1.4809	1.6737	1.2871	
1.4876	1.6801	1.2908	
1.4831	1.6766	1.2874	
1.4805	1.6736	1.2853	
1.4799	1.6726	1.2849	
1.4873	1.6796	1.2889	
1.4798	1.6730	1.2830	
1.4775	1.6709	1.2808	
1.4772	1.6703	1.2810	
1.4778	1.6712	1.2817	
1.4779	1.6716	1.2816	
1.4779	1.6716	1.2816	
1.4782	1.6718	1.2832	
1.4800	1.6738	1.2852	
1.4779	1.6720	1.2824	
1.4779	1.6720	1.2824	
1.4786	1.6725	1.2843	
1.4802	1.6735	1.2863	
1.4757	1.6690	1.2808	
1.4757	1.6690	1.2808	
1.4765	1.6697	1.2820	
1.4770	1.6701	1.2827	
1.4723	1.6656	1.2772	
1.4723	1.6656	1.2772	
1.4757	1.6685	1.2814	
1.4759	1.6691	1.2816	
1.4745	1.6677	1.2796	
1.4781	1.6707	1.2793	
1.4844	1.6773	1.2903	
1.4834	1.6767	1.2890	
1.4823	1.6759	1.2882	
1.4873	1.6800	1.2892	
1.4921	1.6853	1.2983	
1.4921	1.6853	1.2983	
1.4852	1.6793	1.2904	
1.4850	1.6789	1.2906	
1.4852	1.6791	1.2908	
1.4852	1.6791	1.2908	
1.4808	1.6746	1.2854	
1.4825	1.6766	1.2882	
1.4815	1.6762	1.2858	
1.4815	1.6762	1.2858	
1.4790	1.6736	1.2836	
1.4827	1.6769	1.2888	
1.4829	1.6776	1.2878	
1.4811	1.6759	1.2807	
1.4810	1.6748	1.2872	
1.4828	1.6765	1.2895	
1.4826	1.6765	1.2888	
1.4823	1.6756	1.2840	
1.4857	1.6784	1.2934	
1.4857	1.6784	1.2934	
1.4874	1.6804	1.2949	
1.4867	1.6797	1.2938	
1.4874	1.6807	1.2943	
1.4874	1.6807	1.2943	
1.4879	1.6815	1.2947	
1.4869	1.6806	1.2935	
1.4884	1.6818	1.2957	
1.4935	1.6865	1.2971	
1.4825	1.6762	1.2865	
1.4810	1.6745	1.2859	
1.4820	1.6751	1.2878	
1.4875	1.6806	1.2898	
1.4748	1.6687	1.2775	
1.4748	1.6687	1.2775	
1.4753	1.6693	1.2792	
1.4751	1.6690	1.2787	
1.4718	1.6660	1.2755	
1.4718	1.6660	1.2755	
1.4779	1.6724	1.2827	
1.4765	1.6709	1.2806	
1.4743	1.6687	1.2784	
1.4801	1.6743	1.2812	
1.4858	1.6800	1.2908	
1.4858	1.6800	1.2908	
1.4792	1.6737	1.2837	
1.4848	1.6787	1.2861	
1.4860	1.6800	1.2911	
1.4860	1.6800	1.2911	
1.4813	1.6751	1.2862	
1.4807	1.6748	1.2855	
1.4805	1.6744	1.2859	
1.4805	1.6744	1.2859	
1.4795	1.6733	1.2848	
1.4803	1.6742	1.2856	
1.4795	1.6737	1.2841	
1.4795	1.6737	1.2841	
1.4784	1.6726	1.2833	
1.4813	1.6751	1.2870	
1.4808	1.6750	1.2851	
1.4792	1.6733	1.2789	
1.4803	1.6740	1.2857	
1.4832	1.6764	1.2897	
1.4820	1.6755	1.2872	
1.4810	1.6742	1.2819	
1.4844	1.6773	1.2912	
1.4866	1.6796	1.2937	
1.4843	1.6776	1.2898	
1.4829	1.6762	1.2882	
1.4881	1.6815	1.2941	
1.4881	1.6815	1.2941	
1.4821	1.6760	1.2867	
1.4827	1.6763	1.2877	
1.4888	1.6825	1.2938	
1.4870	1.6809	1.2916	
1.4840	1.6776	1.2889	
1.4848	1.6783	1.2904	
1.4873	1.6806	1.2931	
1.4873	1.6806	1.2931	
1.4864	1.6798	1.2926	
1.4862	1.6795	1.2927	
1.4864	1.6795	1.2935	
1.4864	1.6795	1.2935	
1.4840	1.6772	1.2914	
1.4846	1.6775	1.2920	
1.4852	1.6779	1.2922	
1.4865	1.6792	1.2896	
1.4811	1.6738	1.2871	
1.4824	1.6751	1.2887	
1.4827	1.6758	1.2883	
1.4838	1.6769	1.2853	
1.4800	1.6731	1.2845	
1.4821	1.6753	1.2874	
1.4817	1.6755	1.2863	
1.4788	1.6727	1.2827	
1.4829	1.6767	1.2888	
1.4851	1.6787	1.2916	
1.4840	1.6779	1.2895	
1.4804	1.6746	1.2851	
1.4846	1.6783	1.2919	
1.4846	1.6783	1.2919	
1.4867	1.6805	1.2940	
1.4853	1.6790	1.2918	
1.4862	1.6799	1.2936	
1.4918	1.6850	1.2952	
1.4817	1.6756	1.2863	
1.4803	1.6736	1.2852	
1.4835	1.6765	1.2896	
1.4884	1.6814	1.2903	
1.4746	1.6680	1.2775	
1.4744	1.6673	1.2785	
1.4775	1.6702	1.2824	
1.4748	1.6681	1.2788	
1.4729	1.6656	1.2779	
1.4729	1.6656	1.2779	
1.4798	1.6725	1.2857	
1.4774	1.6704	1.2825	
1.4773	1.6701	1.2837	
1.4773	1.6701	1.2837	
1.4843	1.6774	1.2910	
1.4825	1.6760	1.2881	
1.4841	1.6776	1.2908	
1.4841	1.6776	1.2908	
1.4855	1.6792	1.2918	
1.4829	1.6766	1.2883	
1.4875	1.6811	1.2940	
1.4875	1.6811	1.2940	
1.4876	1.6813	1.2936	
1.4866	1.6802	1.2926	
1.4873	1.6805	1.2943	
1.4944	1.6873	1.2977	
1.4842	1.6781	1.2880	
1.4822	1.6759	1.2862	
1.4820	1.6758	1.2870	
1.4876	1.6809	1.2893	
1.4741	1.6683	1.2762	
1.4719	1.6659	1.2744	
1.4759	1.6695	1.2796	
1.4765	1.6702	1.2802	
1.4730	1.6663	1.2758	
1.4725	1.6660	1.2756	
1.4736	1.6669	1.2771	
1.4738	1.6670	1.2778	
1.4732	1.6669	1.2772	
1.4732	1.6667	1.2774	
1.4727	1.6663	1.2772	
1.4717	1.6655	1.2759	
1.4706	1.6643	1.2754	
1.4706	1.6643	1.2754	
1.4792	1.6725	1.2849	
1.4764	1.6701	1.2801	
1.4772	1.6703	1.2827	
1.4772	1.6703	1.2827	
1.4860	1.6795	1.2923	
1.4821	1.6758	1.2872	
1.4858	1.6790	1.2931	
1.4858	1.6790	1.2931	
1.4875	1.6811	1.2935	
1.4844	1.6782	1.2901	
1.4864	1.6796	1.2938	
1.4936	1.6862	1.2975	
1.4830	1.6767	1.2875	
1.4807	1.6742	1.2852	
1.4820	1.6754	1.2876	
1.4875	1.6807	1.2896	
1.4786	1.6725	1.2822	
1.4772	1.6710	1.2810	
1.4780	1.6717	1.2824	
1.4784	1.6721	1.2827	
1.4761	1.6698	1.2791	
1.4761	1.6698	1.2791	
1.4768	1.6705	1.2807	
1.4777	1.6712	1.2818	
1.4729	1.6661	1.2764	
1.4729	1.6661	1.2764	
1.4762	1.6693	1.2807	
1.4764	1.6698	1.2807	
1.4750	1.6683	1.2800	
1.4750	1.6683	1.2800	
1.4798	1.6731	1.2854	
1.4793	1.6730	1.2845	
1.4787	1.6725	1.2839	
1.4833	1.6772	1.2847	
1.4872	1.6813	1.2926	
1.4859	1.6801	1.2910	
1.4842	1.6783	1.2893	
1.4897	1.6831	1.2913	
1.4910	1.6846	1.2954	
1.4889	1.6827	1.2926	
1.4877	1.6813	1.2921	
1.4888	1.6821	1.2937	
1.4873	1.6809	1.2911	
1.4832	1.6769	1.2854	
1.4838	1.6771	1.2878	
1.4868	1.6800	1.2916	
1.4808	1.6746	1.2830	
1.4808	1.6746	1.2830	
1.4765	1.6699	1.2792	
1.4804	1.6740	1.2847	
1.4743	1.6683	1.2764	
1.4743	1.6683	1.2764	
1.4741	1.6680	1.2776	
1.4759	1.6699	1.2798	
1.4730	1.6673	1.2768	
1.4730	1.6673	1.2768	
1.4773	1.6714	1.2827	
1.4782	1.6721	1.2832	
1.4747	1.6686	1.2798	
1.4747	1.6686	1.2798	
1.4766	1.6705	1.2825	
1.4769	1.6708	1.2823	
1.4750	1.6685	1.2807	
1.4750	1.6685	1.2807	
1.4774	1.6706	1.2838	
1.4769	1.6701	1.2829	
1.4756	1.6686	1.2811	
1.4798	1.6724	1.2812	
1.4846	1.6769	1.2905	
1.4838	1.6760	1.2896	
1.4830	1.6756	1.2889	
1.4890	1.6811	1.2910	
1.4911	1.6835	1.2959	
1.4886	1.6814	1.2930	
1.4877	1.6806	1.2926	
1.4894	1.6819	1.2950	
1.4885	1.6814	1.2929	
1.4885	1.6814	1.2929	
1.4813	1.6746	1.2861	
1.4815	1.6751	1.2862	
1.4813	1.6751	1.2859	
1.4827	1.6764	1.2835	
1.4766	1.6704	1.2820	
1.4785	1.6724	1.2846	
1.4782	1.6724	1.2838	
1.4795	1.6738	1.2810	
1.4778	1.6714	1.2837	
1.4799	1.6733	1.2871	
1.4795	1.6734	1.2858	
1.4776	1.6715	1.2834	
1.4811	1.6746	1.2883	
1.4811	1.6746	1.2883	
1.4830	1.6765	1.2898	
1.4813	1.6745	1.2876	
1.4826	1.6757	1.2896	
1.4909	1.6838	1.2945	
1.4829	1.6762	1.2873	
1.4810	1.6739	1.2858	
1.4838	1.6765	1.2894	
1.4901	1.6824	1.2920	
1.4784	1.6721	1.2810	
1.4764	1.6703	1.2797	
1.4788	1.6723	1.2832	
1.4790	1.6727	1.2833	
1.4770	1.6707	1.2813	
1.4770	1.6707	1.2813	
1.4788	1.6727	1.2838	
1.4786	1.6725	1.2834	
1.4756	1.6692	1.2807	
1.4756	1.6692	1.2807	
1.4800	1.6732	1.2861	
1.4794	1.6726	1.2850	
1.4768	1.6707	1.2819	
1.4802	1.6734	1.2816	
1.4840	1.6776	1.2901	
1.4825	1.6762	1.2882	
1.4815	1.6750	1.2876	
1.4879	1.6807	1.2905	
1.4877	1.6814	1.2917	
1.4877	1.6814	1.2917	
1.4809	1.6741	1.2857	
1.4832	1.6763	1.2891	
1.4827	1.6760	1.2862	
1.4827	1.6760	1.2862	
1.4765	1.6702	1.2804	
1.4789	1.6724	1.2836	
1.4771	1.6708	1.2812	
1.4783	1.6717	1.2786	
1.4811	1.6743	1.2862	
1.4821	1.6755	1.2871	
1.4822	1.6757	1.2874	
1.4826	1.6758	1.2839	
1.4833	1.6762	1.2891	
1.4835	1.6770	1.2890	
1.4844	1.6778	1.2900	
1.4838	1.6775	1.2891	
1.4838	1.6773	1.2892	
1.4860	1.6796	1.2917	
1.4845	1.6783	1.2889	
1.4829	1.6765	1.2873	
1.4877	1.6808	1.2942	
1.4893	1.6824	1.2963	
1.4868	1.6801	1.2926	
1.4859	1.6789	1.2917	
1.4912	1.6842	1.2981	
1.4912	1.6842	1.2981	
1.4869	1.6800	1.2935	
1.4872	1.6803	1.2940	
1.4909	1.6837	1.2983	
1.4948	1.6879	1.2977	
1.4820	1.6752	1.2871	
1.4830	1.6759	1.2890	
1.4846	1.6776	1.2902	
1.4847	1.6777	1.2858	
1.4765	1.6694	1.2811	
1.4784	1.6713	1.2838	
1.4788	1.6719	1.2832	
1.4750	1.6685	1.2783	
1.4767	1.6696	1.2822	
1.4767	1.6696	1.2822	
1.4818	1.6750	1.2876	
1.4793	1.6727	1.2842	
1.4835	1.6769	1.2904	
1.4835	1.6769	1.2904	
1.4869	1.6804	1.2941	
1.4855	1.6787	1.2922	
1.4884	1.6817	1.2960	
1.4884	1.6817	1.2960	
1.4879	1.6814	1.2950	
1.4876	1.6810	1.2947	
1.4906	1.6836	1.2983	
1.4906	1.6836	1.2983	
1.4900	1.6834	1.2978	
1.4893	1.6828	1.2969	
1.4909	1.6845	1.2988	
1.4971	1.6901	1.3013	
1.4869	1.6803	1.2925	
1.4856	1.6788	1.2912	
1.4863	1.6794	1.2927	
1.4904	1.6834	1.2926	
1.4779	1.6715	1.2811	
1.4769	1.6703	1.2806	
1.4778	1.6707	1.2820	
1.4775	1.6707	1.2816	
1.4731	1.6663	1.2772	
1.4743	1.6675	1.2789	
1.4763	1.6696	1.2810	
1.4756	1.6691	1.2799	
1.4732	1.6667	1.2780	
1.4732	1.6667	1.2780	
1.4780	1.6718	1.2840	
1.4772	1.6714	1.2823	
1.4769	1.6715	1.2818	
1.4769	1.6715	1.2818	
1.4794	1.6737	1.2853	
1.4783	1.6725	1.2834	
1.4777	1.6718	1.2829	
1.4838	1.6776	1.2854	
1.4849	1.6789	1.2896	
1.4829	1.6766	1.2878	
1.4821	1.6753	1.2875	
1.4894	1.6822	1.2916	
1.4871	1.6815	1.2906	
1.4831	1.6778	1.2864	
1.4834	1.6778	1.2877	
1.4871	1.6808	1.2923	
1.4784	1.6729	1.2809	
1.4784	1.6729	1.2809	
1.4749	1.6692	1.2786	
1.4774	1.6717	1.2817	
1.4699	1.6638	1.2729	
1.4699	1.6638	1.2729	
1.4683	1.6616	1.2727	
1.4688	1.6622	1.2734	
1.4688	1.6621	1.2730	
1.4688	1.6621	1.2730	
1.4732	1.6666	1.2783	
1.4730	1.6663	1.2775	
1.4707	1.6641	1.2748	
1.4707	1.6641	1.2748	
1.4800	1.6729	1.2853	
1.4783	1.6718	1.2824	
1.4749	1.6679	1.2800	
1.4749	1.6679	1.2800	
1.4826	1.6753	1.2885	
1.4786	1.6719	1.2831	
1.4826	1.6750	1.2899	
1.4826	1.6750	1.2899	
1.4866	1.6795	1.2939	
1.4848	1.6779	1.2916	
1.4866	1.6797	1.2941	
1.4866	1.6797	1.2941	
1.4867	1.6804	1.2935	
1.4855	1.6790	1.2921	
1.4875	1.6808	1.2950	
1.4875	1.6808	1.2950	
1.4864	1.6801	1.2927	
1.4842	1.6781	1.2899	
1.4913	1.6847	1.2990	
1.4913	1.6847	1.2990	
1.4903	1.6835	1.2976	
1.4901	1.6832	1.2974	
1.4925	1.6854	1.3005	
1.4987	1.6915	1.3030	
1.4884	1.6815	1.2940	
1.4881	1.6809	1.2942	
1.4913	1.6837	1.2984	
1.4953	1.6878	1.2983	
1.4833	1.6763	1.2872	
1.4840	1.6767	1.2890	
1.4870	1.6798	1.2923	
1.4856	1.6785	1.2898	
1.4834	1.6759	1.2879	
1.4837	1.6761	1.2888	
1.4838	1.6765	1.2883	
1.4826	1.6753	1.2871	
1.4810	1.6736	1.2862	
1.4811	1.6738	1.2862	
1.4805	1.6732	1.2853	
1.4780	1.6712	1.2823	
1.4789	1.6718	1.2843	
1.4789	1.6718	1.2843	
1.4843	1.6774	1.2900	
1.4812	1.6744	1.2861	
1.4807	1.6737	1.2865	
1.4883	1.6812	1.2907	
1.4876	1.6815	1.2923	
1.4847	1.6784	1.2892	
1.4849	1.6784	1.2910	
1.4912	1.6843	1.2936	
1.4793	1.6734	1.2825	
1.4757	1.6700	1.2789	
1.4771	1.6710	1.2815	
1.4792	1.6727	1.2838	
1.4691	1.6628	1.2723	
1.4674	1.6609	1.2706	
1.4703	1.6634	1.2743	
1.4707	1.6641	1.2748	
1.4689	1.6620	1.2726	
1.4689	1.6620	1.2726	
1.4737	1.6667	1.2783	
1.4735	1.6668	1.2779	
1.4732	1.6664	1.2784	
1.4732	1.6664	1.2784	
1.4791	1.6721	1.2850	
1.4781	1.6714	1.2831	
1.4765	1.6701	1.2824	
1.4765	1.6701	1.2824	
1.4807	1.6742	1.2873	
1.4789	1.6727	1.2848	
1.4785	1.6723	1.2849	
1.4859	1.6796	1.2886	
1.4846	1.6795	1.2900	
1.4812	1.6762	1.2861	
1.4801	1.6747	1.2857	
1.4881	1.6819	1.2908	
1.4839	1.6785	1.2877	
1.4839	1.6785	1.2877	
1.4795	1.6736	1.2841	
1.4812	1.6751	1.2868	
1.4769	1.6708	1.2808	
1.4769	1.6708	1.2808	
1.4758	1.6693	1.2813	
1.4777	1.6713	1.2834	
1.4733	1.6673	1.2783	
1.4733	1.6673	1.2783	
1.4742	1.6680	1.2803	
1.4753	1.6691	1.2811	
1.4737	1.6677	1.2784	
1.4754	1.6691	1.2761	
1.4806	1.6743	1.2861	
1.4809	1.6747	1.2864	
1.4796	1.6732	1.2844	
1.4824	1.6757	1.2830	
1.4904	1.6840	1.2958	
1.4901	1.6839	1.2953	
1.4877	1.6815	1.2927	
1.4883	1.6821	1.2941	
1.4916	1.6858	1.2969	
1.4916	1.6858	1.2969	
1.4862	1.6805	1.2914	
1.4870	1.6812	1.2929	
1.4871	1.6813	1.2930	
1.4884	1.6823	1.2904	
1.4785	1.6726	1.2840	
1.4791	1.6726	1.2851	
1.4788	1.6726	1.2847	
1.4793	1.6726	1.2812	
1.4740	1.6673	1.2799	
1.4777	1.6705	1.2846	
1.4776	1.6705	1.2829	
1.4747	1.6677	1.2792	
1.4768	1.6698	1.2827	
1.4807	1.6737	1.2876	
1.4789	1.6719	1.2834	
1.4768	1.6701	1.2810	
1.4767	1.6703	1.2816	
1.4767	1.6703	1.2816	
1.4784	1.6724	1.2844	
1.4785	1.6724	1.2844	
1.4784	1.6723	1.2843	
1.4844	1.6782	1.2865	
1.4802	1.6747	1.2851	
1.4788	1.6731	1.2838	
1.4798	1.6738	1.2857	
1.4866	1.6800	1.2890	
1.4774	1.6717	1.2804	
1.4749	1.6693	1.2781	
1.4758	1.6695	1.2800	
1.4764	1.6697	1.2812	
1.4743	1.6678	1.2786	
1.4739	1.6678	1.2784	
1.4733	1.6673	1.2776	
1.4739	1.6676	1.2784	
1.4729	1.6668	1.2769	
1.4726	1.6666	1.2770	
1.4759	1.6700	1.2815	
1.4769	1.6712	1.2824	
1.4749	1.6695	1.2794	
1.4758	1.6697	1.2813	
1.4809	1.6745	1.2875	
1.4811	1.6750	1.2874	
1.4784	1.6725	1.2843	
1.4799	1.6735	1.2863	
1.4873	1.6810	1.2932	
1.4860	1.6796	1.2915	
1.4838	1.6773	1.2894	
1.4855	1.6792	1.2916	
1.4906	1.6844	1.2956	
1.4888	1.6826	1.2934	
1.4879	1.6812	1.2926	
1.4893	1.6824	1.2947	
1.4899	1.6834	1.2945	
1.4840	1.6779	1.2867	
1.4843	1.6776	1.2888	
1.4858	1.6790	1.2909	
1.4859	1.6790	1.2908	
1.4859	1.6790	1.2864	
1.4814	1.6745	1.2870	
1.4834	1.6769	1.2898	
1.4829	1.6766	1.2884	
1.4796	1.6734	1.2842	
avarage:		
1.4816	1.6750	1.2865	
std:		
0.0052	0.0051	0.0058	
